1.189554164381625512e+01
-1.845986202646254171e+01
-4.222816745132258376e+01
1.322032261683536092e+02
-5.416208039728680745e+01
-1.389982610364220683e+01
-1.139687720385594645e+02
5.910745642183429993e+01
2.028436815791911130e+01
-1.491122612357478090e+02
2.265622395961949920e+01
1.122893265068947244e+01
-1.391809713380378071e+02
4.038866916527196338e+01
2.642789954509550654e+01
-8.863011606553659760e+01
-1.231655158369557768e+02
9.255071382617974507e+01
2.372242324265452229e-01
2.826762411223469584e+01
-4.106141874908713163e+01
-2.230922044727523712e+01
4.131854769761935842e+01
-5.663412763421096940e+01
-1.480696810963332766e+01
2.256334468051523157e+00
6.496050348274712860e+01
-1.169993384775503742e+01
-5.957252245234469967e+01
7.518498525231518670e+01
6.218711746306378529e+01
2.212437529648541457e+01
3.911887376247084092e+01
-6.624631592564712790e+00
1.023263743376918278e+01
6.970352046580985927e+01
-1.180785095377476068e+01
-5.629066600270437704e+01
3.830223702650218343e+01
1.447341445742992860e+01
5.056583290492212335e+00
2.604066883545780442e+01
2.980196556588511214e+01
-3.854247100966620110e+01
-3.880439103820770619e+00
-1.066870956285872829e+01
1.589678781760072646e+01
8.524629212754904017e+01
5.620904153426409522e+01
-4.761688138782508162e+01
2.249077945587317373e+01
-4.005698542524915307e-01
-4.697224615732842778e+01
1.408557240973422053e-01
6.083074134852619608e+01
5.082363084257730890e+01
-2.542692331646249215e+01
-1.583495217371671693e+01
-4.522147677427244616e+01
3.488798070248871852e+01
-4.068652177816743176e+01
-3.213869112048837451e+01
2.489234363966237140e+01
2.335321498935195805e+01
-4.534336855993772986e+01
-7.974827875919476128e+01
4.673659722129801253e+01
8.731138834002869942e+00
5.473575562213230938e+01
-4.290507425461497348e+01
-4.333313031120390235e+01
-7.687915844888519246e+01
2.741314874184354977e+01
-2.765341248816491415e+01
4.757086623729784858e-01
-7.809974836632572703e+01
4.018338014634299071e+01
1.466404474289418829e+02
2.174009184700646635e+00
-1.446626794676514294e+02
1.201403759551744344e+02
7.476361692089855637e+01
7.186820706164790806e+01
-2.292699855970067446e+01
-4.919311736316569750e+01
6.139811481436172613e+01
1.761597566505988155e+01
2.975089419971104121e+01
3.618841449518511411e+01
-3.829439352703219868e+01
-7.848581722254399651e+00
5.893966834724994186e+01
-3.827204998428424432e+01
-7.309591473064672051e+00
1.981279512207866844e+01
-5.122737530177119680e+01
6.974226897826731886e+01
-1.129156881899153859e+02
5.219513000504099409e+01
-4.746112692250536469e+01
-6.852189777424463557e+00
-8.069175184806928414e+00
