0.01 5000 500 128 0.8071
0.05 5000 500 128 0.9171
0.1 5000 500 128 0.929
0.25 5000 500 128 0.9458
0.5 5000 500 128 0.9595
0.75 5000 500 128 0.9662
1 5000 500 128 0.9696
1.25 5000 500 128 0.9708
1.5 5000 500 128 0.9717
2 5000 500 128 0.9734
2.5 5000 500 128 0.9755
3 5000 500 128 0.9742
3.5 5000 500 128 0.9733
4 5000 500 128 0.9764
4.5 5000 500 128 0.976
5 5000 500 128 0.9754
5.5 5000 500 128 0.977
6 5000 500 128 0.9759
7 5000 500 128 0.9754
8 5000 500 128 0.9769
9 5000 500 128 0.9759
10 5000 500 128 0.9765
11 5000 500 128 0.9772
12 5000 500 128 0.9755
15 5000 500 128 0.9767
17 5000 500 128 0.8801
