learning rate 
1000 100 10 0.8293
1000 100 8 0.8603
1000 100 6 0.8824
1000 100 4 0.8914
1000 100 2 0.9022
1000 100 1 0.9202
1000 100 0.5 0.917
1000 100 0.1 0.9087
1000 100 0.05 0.9
1000 100 0.01 0.8654
1000 100 0.005 0.8368

epochs 

100 100 0.05 0.8444
500 100 0.05 0.8895
1000 100 0.05 0.8997
1500 100 0.05 0.9067
2000 100 0.05 0.9079
2500 100 0.05 0.9108
3000 100 0.05 0.9153
3500 100 0.05 0.9148
4500 100 0.05 0.9172
5000 100 0.05 0.9199
5500 100 0.05 0.9191
6000 100 0.05 0.9187
6500 100 0.05 0.9206
7000 100 0.05 0.9188
7500 100 0.05 0.9197
8000 100 0.05 0.919
8500 100 0.05 0.9211
9000 100 0.05 0.9211
9500 100 0.05 0.9217
10000 100 0.05 0.9216
11000 100 0.05 0.9207
12000 100 0.05 0.9223
14000 100 0.05 0.9222
16000 100 0.05 0.9221
18000 100 0.05 0.9228
20000 100 0.05 0.9233
22000 100 0.05 0.9232
24000 100 0.05 0.9235
100000 100 0.05 0.9253


batchsize

5000 10 0.01 0.8992
5000 50 0.01 0.9016
5000 100 0.01 0.902
5000 150 0.01 0.9003
5000 200 0.01 0.9005
5000 250 0.01 0.9006
5000 300 0.01 0.9008
5000 350 0.01 0.9004
5000 400 0.01 0.9009
5000 450 0.01 0.9
5000 500 0.01 0.9006
5000 600 0.01 0.9008
5000 700 0.01 0.9006


10000 100 0.1 0.924
10000 100 0.5 0.9255
10000 100 1 0.9216
10000 100 0.75 0.9248
10000 100 0.25 0.9239
10000 100 0.375 0.9247
10000 100 0.6 0.9226
20000 100 0.5 0.923
10000 100 0.5 0.9256
10000 300 0.5 0.9253
10000 75 0.5 0.9253
10000 100 0.5 0.9233
10000 100 0.5 0.9241
10000 100 0.5 0.333333
10000 100 0.5 0.329333
10000 100 0.5 0.9269
10000 100 0.5 0.9235
10000 100 0.5 0.9241
