epochs
100 100 256 0.8149
1000 100 256 0.9252
2000 100 256 0.9382
3000 100 256 0.9446
4000 100 256 0.9514
5000 100 256 0.9545
6000 100 256 0.9605
7000 100 256 0.9611
8000 100 256 0.9631
9000 100 256 0.9659
10000 100 256 0.9672
20000 100 256 0.9741

no of hidden layer nodes
5000 100 5 0.8754
5000 100 16 0.9387
5000 100 32 0.9535
5000 100 64 0.9565
5000 100 128 0.9586
5000 100 200 0.9558
5000 100 300 0.9567
5000 100 400 0.9536
5000 100 500 0.9525
5000 100 600 0.9497
5000 100 700 0.9507
5000 100 256 0.955
5000 100 800 0.9489
5000 100 900 0.9464
5000 100 1000 0.9463

Batchsize
5000 10 128 0.9359
5000 50 128 0.9575
5000 150 128 0.9585
5000 200 128 0.959
5000 250 128 0.9589
5000 300 128 0.9585
5000 400 128 0.9592
5000 450 128 0.9598
5000 500 128 0.9597
5000 600 128 0.9577
5000 700 128 0.9587
5000 750 128 0.9584
5000 800 128 0.9581
5000 850 128 0.9587
5000 900 128 0.959

Learning rate 

0.01 5000 500 128 0.8071
0.05 5000 500 128 0.9171
0.1 5000 500 128 0.929
0.25 5000 500 128 0.9458
0.5 5000 500 128 0.9595
0.75 5000 500 128 0.9662
1 5000 500 128 0.9696
1.25 5000 500 128 0.9708
1.5 5000 500 128 0.9717
2 5000 500 128 0.9734
2.5 5000 500 128 0.9755
3 5000 500 128 0.9742
3.5 5000 500 128 0.9733
4 5000 500 128 0.9764
4.5 5000 500 128 0.976
5 5000 500 128 0.9754
5.5 5000 500 128 0.977
6 5000 500 128 0.9759
7 5000 500 128 0.9754
8 5000 500 128 0.9769
9 5000 500 128 0.9759
10 5000 500 128 0.9765
11 5000 500 128 0.9772
12 5000 500 128 0.9755
15 5000 500 128 0.9767
17 5000 500 128 0.8801
5.5 10000 450 128 0.9764



5.5 10000 500 128 0.9772
5 10000 500 128 0.9766
1 10000 500 128 0.9723
5.5 10000 500 256 0.9782
5.5 20000 500 256 0.9792

USPS
5.5 20000 500 256 0.474667

different actvn funcns

5.5 1000 500 256 0.9373
5.5 1000 500 256 0.9722
5.5 5000 500 256 0.9817
5.5 5000 500 128 0.9771
5.5 5000 500 512 0.9821
5.5 20000 500 256 0.510667
5.5 200 50 256 0.314
