-4.631030375334246401e+02
-5.706434062190773204e+01
2.296169571262513998e+01
2.069567555573414666e+02
6.439556025536742823e+01
-2.052119080517767102e+01
4.848574800577431176e+01
-2.640183160337573653e+01
4.178909889731703942e+01
-2.745675755407313456e+00
1.383572810823843424e+00
-9.343400881250413903e+00
7.175569314423524858e+00
1.889735979708140405e+02
6.828846892454025408e+01
-3.855735134553084720e+01
-2.059711546293629514e+00
-2.081443767537914482e+02
2.642537233506635985e+01
8.492298351456167893e+01
1.163536019430800792e+02
3.309015700060310650e+01
-1.047893842451118189e+02
7.167594603861876124e+01
8.316255420248548802e+00
6.388675867343026482e+01
-7.253550525718948450e+01
9.518103828381089215e+01
2.080872551166044460e+01
-5.426082870992406981e+01
4.062984129540317468e+01
-1.281935059863864090e+01
-1.371420568538713667e+02
